18
19
20
22
23
24
25
27
28
29
31
31
31
31
35
36
37
39
39
41
42
43
44
45
47
48
49
50
51
52
53
54
55
56
57
58
59
60
61
62
63
63
63
63
63
63
67
69
70
71
72
73
75
76
77
78
79
79
81
82
83
84
85
86
87
88
89
90
90
91
92
93
94
94
96
96
97
98
99
100
101
102
103
103
104
105
106
107
107
108
109
110
111
111
112
113
113
114
115
115
116
117
118
119
119
120
120
121
122
122
123
124
124
125
125
126
126
127
127
129
130
131
131
133
133
134
135
136
137
138
139
140
141
141
142
143
143
143
145
146
147
147
148
149
150
151
151
152
153
153
154
155
155
156
157
157
158
158
159
159
159
159
159
161
163
163
164
165
165
166
167
167
168
169
169
170
171
171
172
172
173
173
174
174
175
176
176
177
177
178
178
179
179
179
180
181
181
182
182
182
183
183
183
184
184
185
185
185
185
186
186
186
187
187
187
187
187
188
188
188
188
188
188
189
189
192
192
192
192
192
188
188
187
187
187
186
186
185
185
184
184
184
184
183
183
182
182
182
181
181
181
181
180
180
180
180
179
179
179
179
179
178
178
178
178
178
178
178
177
177
177
177
177
177
177
177
177
177
177
176
176
176
176
176
176
176
176
176
176
176
176
176
176
176
176
176
176
176
176
176
176
176
176
176
175
175
175
174
174
174
174
174
173
173
173
173
173
173
173
172
172
172
172
172
172
172
172
172
172
172
172
171
171
171
171
171
171
171
171
171
171
171
170